0.2296844428687233
0.9092123420980264
2.1375327534347104
0.5494300693097323
1.3787672346391857
1.4710663756391211
0.4441551390707301
1.9878091773849236
1.5141614854502454
0.6901861797883295
0.4524690558860983
0.26781748010177175
4.336456695517756
0.01235300582639367
0.3170618759746401
0.3453712377686931
3.1598971458327725
2.1649824864358713
0.08359298297551684
0.43321061637319913
4.076823765078131
0.24661384213232335
0.04555006727910539
0.02836367725864012
1.7388879431388204
1.4607765388101839
3.7493473191000937
1.9143352596290657
1.4379693217441012
1.992566458285077
0.09425390722258184
3.173939361449135
1.9653925443651659
0.13429227182817244
2.273284655252292
0.9117743073868803
0.7870704653113232
0.09961159937884292
0.9533595448269536
2.7894936239637325
0.2380470184886409
2.710784654518519
0.04693443745588191
0.8959755861767759
0.07118329549852899
2.398640180577213
0.5012988302932746
0.08223178703043937
2.7910618368727382
4.089233438780453
0.05538922672755191
0.10165486145741073
3.6293976866315507
5.117313082364607
0.049303091926568496
2.6660228755095705
0.08591902508873053
1.8947826607183194
0.1837415064356503
6.536382801912172
2.7597774709481415
1.8695012116198877
4.238985428792175
2.2317314888646713
0.6748180206985388
8.280229616229041
0.10114252491948389
0.16789204488148504
0.664956946925637
2.589501269082704
1.6281000333983573
1.1776964472345095
0.47175331447938573
1.5068419242471964
1.4446749723937216
1.4479093162420145
0.834745537618669
0.8707401073140228
0.15140707521520874
0.9461029702690356
1.4142603456025205
0.567676818712828
5.261496083580376
0.030264197438273494
0.047735650704609583
0.5851050985808233
3.3274134897875722
0.37411922769807454
0.19068842216996806
0.9083282914067283
0.18832350952598542
0.5600952642631803
0.9480780579569954
0.5909393963914622
2.4296797027429577
3.240500526578548
0.7310681312709117
2.6915779204945927
3.1191362925466715
0.7411488341198389
2.5420169565895065
0.981947568892668
0.9830322122671976
0.31679847705986597
0.40467427505822046
6.705697039195355
0.9638158716484051
0.5533866885415346
0.6752700784290508
0.9764338658370271
1.3904183817435154
0.8869971733442079
1.9707626103082174
0.030479482200348067
0.8728959948638454
1.9477017189287213
1.2495958434485963
1.3910932828328773
1.8483054308779772
0.04349864157992116
2.408029742640935
0.24307880667584042
2.2523268121472664
0.38073053605629503
0.35525271013484716
0.7180334555997981
0.8939910269587051
1.7679022945418854
0.020091604743825427
0.09205722012502944
2.9176358012729686
1.2641564181551876
2.2430448715228453
1.1276613546872918
1.8033444094968611
0.26286816294538695
1.8136308858703427
2.2785410249159384
3.028760327682872
0.505659370205745
0.27270048748585307
5.52571289843987
2.6998647856995857
1.6253088180358644
0.2951113475223698
2.4776942328499976
2.29419915358707
0.37737413961471133
0.2171082020107225
0.5170722668546717
0.027106363045527167
1.5657354809214976
0.2279965273510371
0.287712377695754
4.764116368259959
1.2104167452357408
1.3304951346424092
1.6429008910090523
9.723041369582145
2.862676737522253
0.9090971512398576
0.8457506714158947
2.673620146662163
1.84626066173653
1.0605280410639408
2.3010350597908347
2.0675120353458865
0.03905357918444637
0.8065869044841918
1.3413835453391405
1.855233552650279
1.2020004385248055
0.03289209136346996
0.5339386027272796
0.062218754674309956
1.7906320464611611
2.2265642213866665
3.150306605566322
1.573145424738553
0.19904108486686428
2.219890461303892
0.9906089039043118
1.1311185713306382
2.9630972223927854
0.8988815667783703
2.986383084521745
5.538097948645353
0.08115236262932743
0.44517506772545146
7.566938614688503
0.959350405212934
1.2957792206907146
0.4536254625503021
1.654198435836349
0.16180609899201698
0.6441927610780066
4.797042374212469
0.1770913325197527
0.3519495524428635
1.4879890865532284
1.9580703762287015
1.5987655684573647
0.4319386548749881
0.8802129284734358
2.7027092050298425
0.1598334042819401
0.5649792243197966
1.8408788008573038
1.8517291493416206
5.448141944394573
5.006280979448063
5.135285046519811
0.5445387787010164
0.6778794396402243
0.09946738007014885
0.11432072921951018
0.1021046001749713
1.636761690781261
3.6194605098603914
0.7566335344013126
0.17007546961704256
1.6591178973956837
1.3177380773031002
1.5147431703285146
0.8295830699516136
2.8919621001975173
0.03416703128583917
2.6657649388484765
0.08491087002999771
0.7451283390588954
0.24371707164576722
1.1262911221229488
1.4722576247744217
0.49346300230769335
0.3436649693622203
0.16564455097913514
0.26597873305003006
0.008950146030133306
0.0438708267199426
1.6834926471372302
1.5810012432106886
0.9535554467851188
3.89213887463254
0.6171411777805952
0.24014647892442686
0.15397531202643
0.3529755758312011
2.6198794341994835
0.36078657809758297
1.3466152966299427
0.13389236751745456
0.055521104117762836
5.918654434316535
0.40150484332317016
0.03882878936808259
2.175150194240019
0.29037514909573087
0.06825376322869689
0.1491956612647873
1.156696856015983
0.1867139503866455
0.11111961903953166
2.0996744746614504
1.11321296480642
3.294024364157652
1.1686013090202434
0.6555412893530035
0.09221133139688323
3.5208659216933063
1.0042725459686777
1.240755028840469
0.7382412091978673
0.1875503536896962
1.9320689419633659
4.693483491990666
0.11732265375244028
0.3856810812240721
0.541009024731497
2.5918815925914878
2.5266168175084434
0.8883406467556083
0.9058023348850366
5.064532483102665
2.102709760557155
3.394800699470701
1.1633573303085458
0.4526996743027591
1.659620375531533
0.35099294985126084
0.4804844690612855
1.3398270144631517
1.7595199910952752
1.7017380760303094
0.34775292356238807
0.5267711424068148
1.4433010037431424
0.11824878287661891
0.13858341294834298
0.857470981364904
4.969707102777905
0.4851290199184693
3.755642787735421
0.5353247985329666
0.5256101804248563
0.2364044800536816
0.9719029794871756
0.7764321315819391
0.7345680739084496
1.1093250613360328
1.3503306863690565
3.3523583057662676
1.6062209172625124
0.06014109519261572
1.3809889374697
2.467871678569096
0.6170446403552178
0.11267010554640836
1.002015119814186
2.4455311436326808
1.0564542988786372
4.695412222653028
0.5526476316583848
0.4947085737781487
3.386042324818013
1.0728629219186911
0.48594238740737633
0.007364464694090609
0.7719086192855427
1.3069789586443576
1.3088464372278648
0.6321073131557456
2.1887677177634757
1.0222435818069904
2.641811341465273
0.0053197839713701464
0.9463932086042162
2.3323149347050185
0.0364276803553249
4.130325570317436
0.9033377114456915
0.8162095576484649
0.7638767694575874
2.2903365250298044
0.16266289929963687
0.9222102057900697
0.5946920997400001
0.12881596683102642
2.582171113698887
1.8248334645669582
2.213621655315944
1.5574772523918479
1.9526359827274444
0.713112100685007
0.3024694322759237
2.49173694645191
0.25016884071354395
0.09703547683657937
2.3510229491902206
2.1002750921909628
0.6828041442111881
1.2773525820271339
2.887056486233004
0.6611425960883792
0.19801897497206786
0.687848638819953
0.5333107575848872
0.7672940879408715
0.14291395632042622
0.040269367579984734
0.1229768326420928
0.44870195513020444
1.1420028588264897
1.0293097401769071
1.0841285422830287
0.022907477457786526
0.6892481362154097
3.5514856785329303
0.5753855747738181
0.2685632752163431
0.652804097445995
1.1307355488810302
0.06276485488961393
0.35717943965874943
0.6342868371465058
0.7483457486766402
2.859468499632961
0.961813659585165
3.1959269738279277
0.17861679548755577
2.2600696723446956
0.2143793073613331
0.13297439029240105
1.2072978022687526
0.3670193886828639
1.8066730155765574
0.8336272381223053
0.9022887557411678
0.02389510943966886
0.5906590562050286
0.16093179326522208
1.4650982001467534
1.2708840889318005
0.09732123762727521
9.093625659083152
2.5070751287401114
2.270128676508649
1.4572372417511843
0.33566545259285574
1.712505535954922
1.1469536190203544
0.3706497652941897
1.4532052084413751
1.638276946533161
0.42317285782987746
0.36997938387096324
1.3761543604077955
0.42707936117091505
1.6752462120171505
1.626267278523581
0.3472179899181548
2.2372605325467676
0.6232220112365953
0.49107450670599073
1.1061430118195512
5.044482622170072
2.814373149012346
0.12446999989346652
0.6877185243018809
0.15353682895231202
4.109821514980514
6.571110586346562
1.6092030512555515
2.1525881612084126
1.1832408640025667
0.40436720598189285
2.4596736811401914
0.6324015830378835
0.8792317150356845
5.249071716819683
6.336742606174171
2.110492106436264
0.09912889240705267
0.6715525710339796
1.0753680607138567
0.522452703811479
3.161767394292604
1.8051440493596331
1.6793878268991387
2.6758733225418334
0.48930644613464214
2.9336349895003204
0.7393040227141796
0.39482712088938665
0.7088998885700086
5.59300455270414
0.9678404729935421
2.61260571658238
4.749619859061399
3.8632380276646066
1.2173929894294553
0.8259782024708626
1.0082301840648094
1.3098902337420477
1.9386339391831748
0.3661102690599193
0.2785741077238996
0.030657547012706322
0.7393019331695936
1.8449750385797064
0.3224681695077033
0.49015737870624354
1.3386692574070234
2.215437589034919
2.689476389895333
0.24388964201003893
0.3155134087621546
1.251066381092981
2.261063989259564
1.8599143502695754
0.317553154489977
6.528646796194095
0.2545471510980155
9.584572162198358
0.4572627844942863
1.1334679030860242
2.8020909849137117
0.2700945425263912
5.681776773372167
1.0287823642223126
0.4633108681153724
0.10137582359944389
0.9538027282479947
0.6581295217904661
1.2498266445723938
2.494887261810736
1.1407587647763733
0.29152076390186393
3.1696363088672608
3.695941952755449
1.6499420069976718
