1.4159115377826823
6.220646853304858
-2.4695921402203127
1.8633682254884782
0.6201047766641454
0.6457442493167869
-0.3145226572268083
4.375797368921736
1.3727223220436535
-0.5365754164985022
-0.6170579606933955
1.543013917724013
-0.20611063692397735
1.5216068613861515
2.3174472118203884
0.7810512335692211
2.7039908287659076
-2.2170273923739994
1.6669093606015468
-0.9997040144263651
1.3052019453233914
-0.5788413135910762
1.4330044141855178
1.5579817863214722
2.2678012993996823
-0.2528733320381138
0.6248782836292937
3.2621699898969228
-0.9712805275937497
3.7777057607312163
-2.335976994901875
-1.2270640243251925
4.652369636622815
-2.2550793846818404
3.94934066668544
-2.113193003868968
3.2356827909759605
-0.7499902844887223
0.8368642464225948
1.7936284155591335
0.07054990304638686
3.787254106726026
1.1860128974459583
3.901485743223926
-0.2701955933931295
0.6049679322690671
1.6502996390055733
1.4177042107480362
5.322198548888197
-0.002236932503097089
2.5105074782717756
4.225607416044962
1.8161886325179926
3.9136931554633496
2.847981723531864
3.057227292307565
2.6277109878051483
3.7750928499819705
-0.13442960168407025
1.625030295039303
-2.1856009735347213
2.5062749533592497
0.3141681190195921
2.703501987313466
4.173822911440089
2.367682129544205
-3.7519936493030386
1.46919514598129
1.5941145566949846
5.821461378528315
2.1649065422879845
2.3711144755168325
-2.3133036075328754
2.681628425059273
-1.4923963957975004
1.7470821245765862
2.3612669457065443
0.18781118964858456
-0.36520722392688376
1.830224787580749
1.3279359758327647
4.872779395196078
2.170562860624641
1.2664164614020146
1.3283991880136397
0.10683362908523464
2.2860760384745213
-1.2166178155776004
5.0574423218026805
1.249797674125755
1.9554942907128798
5.108666208176703
-0.29084955499254295
1.2782904335262588
2.738795944194748
1.0180348818341778
-2.2089598327249567
1.5080762039094233
0.7559073110106498
-0.5901720051846331
2.3339154413331884
-0.382234563974859
2.2627307986463405
-1.2418955436917751
2.8070703962646304
2.7067661422337257
2.4768580273925522
-2.3370138279448915
-1.290566553671248
1.6017867962037513
2.10866528697793
3.798244070262978
3.7920257993470172
2.40493869054522
2.9474042814857544
-2.041042975860757
2.3815002022962317
0.7363006955294004
-3.7169757061084647
3.8884012917989286
3.5809942064050917
1.662824987461034
1.2187489973747532
1.7859483504740177
-0.17707023508895947
2.5192544683307254
-1.1467922845151066
-2.8966096845684444
3.186419610156546
3.5677639464651523
1.4848387042032294
3.3612381161109655
0.489340955307328
1.2047589966210814
1.879833488460943
0.6037352516606798
0.5836373826281245
3.6734528533950597
-0.42980872285803895
-0.30685673498095123
1.1423307337974709
1.6733803720661924
1.1276854496687196
3.4584331113468054
-2.6932525868977626
3.834597302307977
0.7197844106662968
-3.1047184531660683
1.7069436059772445
-0.7681893940506412
-2.4875491869788706
3.9736035504496696
-1.8087736539092778
-1.3490444516244668
-0.30050614141828924
0.7606982007558823
0.698363712715509
-2.1435683518632316
-0.38198503943744355
3.527481675969174
2.9167662598962014
0.8507102387640988
1.8134622893106043
0.2016456493735055
3.399380335604267
2.917449295153256
4.638243525649267
2.855331347778816
1.1924438226361587
0.9346585398252618
2.0399884009175793
-0.009517733915306303
-0.7190957082377119
3.6333464072483284
-0.3506468414538362
2.541904747307689
-0.5123050697077045
4.360520107743462
-0.8682428149996666
-1.2911380944950985
-1.1414704330866883
2.0521818453322767
-2.2894130457637334
0.34256536242498614
-0.6360480770154204
1.5639043606634355
2.552104975612389
3.4312478286844037
0.4317985494274521
1.6225012492301383
-0.29963902112940044
4.130715429569001
2.344987238833278
2.748912232555729
1.9636274431366836
-1.3855482644124928
1.9894486072534103
-0.5093255228033464
-0.1114333208397309
3.1741762859028637
0.7583331036705072
1.2242207235870017
-0.7719461458032508
1.0911321188370444
1.8192219363843565
2.904988103571856
2.4088487188903844
-1.2908941469269277
1.199333571161179
-0.08612909521735257
1.3891029659753225
3.351595782989574
0.7337174312868966
1.0009460473014817
0.9091440415587692
3.1218193138145116
2.838256657499822
1.1879677062987781
-0.40521954785495784
1.6393150786517048
-0.931770156802403
1.0280909087326286
1.8956389561524145
0.8639739334620966
2.2274383837990843
-2.576247166173223
4.5912633079200535
1.0282762571250244
1.1546939213499612
4.587399571172133
1.2095183616610088
0.748267034799404
4.652368306074848
2.4922429196045908
3.002326149178697
-1.7487890339337757
-0.7075548966118042
0.9064022251777532
-0.45024934601068267
2.6059548467555667
-0.8183681965737901
-2.414122226997687
2.127114501498086
0.8413272096343912
-1.9324110453814844
1.7937575406535071
0.8399100010594008
3.2511788678376905
-1.1866443435622616
2.201618836344071
-0.7349218025378683
-0.8130179171820247
-1.88833824192095
1.3196939387540676
0.6520366525119601
-0.39383469069723565
1.3053083751464272
-1.0043690306636073
-0.0010239713684556673
-3.775211525954713
4.184674720252433
-0.48756598314597754
4.7897621567445725
2.159434337129083
4.633107129939569
1.204446603575415
3.456015635959218
3.436609289639312
0.7932246652100948
-2.3947386181177195
2.663652612610603
0.42833541726110447
3.1681350667659354
3.7981968668871415
-2.093437004676047
-2.1224688498782847
1.9401790330584212
-0.6616175820840762
1.453700737588923
0.5339988476592605
2.0281559973364853
-2.176144796991964
2.161657014047076
1.8226169570165054
1.0847199344609773
0.4609068761562438
-1.5066786222867594
1.9726706825341775
0.09361579757257121
1.13894102188362
3.190542766567629
4.607326862386781
-2.93677773721495
-1.764972013512931
-1.3125412281198319
-1.8087240083317537
-0.5302158949907783
-1.4019711327770215
1.64555630789331
4.348552095964164
-2.0709746265996607
1.02835563200976
0.7948073601521929
1.4922118256913015
3.4554101017714283
0.07991595045866806
3.2949055294370746
2.120981855283735
0.923177648259783
4.8384296218350205
0.7452080698399773
2.5392651703144704
1.6449785523420113
-0.3448997481642184
3.6190446740124553
-1.9263230010954207
-1.2167343475600507
2.4070641243960704
2.6851944478135543
-1.4591062361119413
3.215751384066826
1.1729519677752482
-0.8736079666227337
-0.13296146864219516
2.9514252324614043
-0.9828921451638917
-1.0368869901376732
1.585325010137097
0.7452490812272896
-0.6097222568086968
2.8808417164993307
0.21669982267355825
-2.6937508973121154
-0.970492504725724
3.5541993749802065
0.03141535020219477
0.6219554221402364
1.4456720840634776
1.3399809229731783
2.8861547047266485
2.650072315845259
5.684230274740398
3.6822580162110974
0.8186651279041346
-2.837963608477759
5.843896385624058
1.0115540687476627
-0.5658888150326427
3.3804029711024413
0.8516962601944971
2.100084176666092
2.3396986279919205
2.3675713843523756
1.219087439442346
2.8230778328133264
2.777516858067136
-0.4235514715356803
-0.41030139978826985
1.9996686055736768
1.98030140892712
3.031352491818765
1.0745553429563093
1.8739843347009615
-4.620240996186436
4.284674303986165
1.6569477774197146
-3.20738344820988
-1.855917124772728
1.0378975561216828
-1.7458709787584157
3.0250355393583517
2.849200867946024
0.6765370066819765
0.7469393707147913
2.0866629975196425
-0.1002579584516805
-1.1654441633921513
1.6242181542823264
-3.633648864630529
-0.4339357707971885
3.119963972808659
1.3989321843520672
-0.9501262436171822
0.1940184224449385
0.04820119921343835
0.47523714615347545
1.809124062156001
1.3562742020510783
1.2044501897496032
3.116715266174622
0.22151056581554096
-1.54159889278032
1.337234399491935
-3.0966404312827196
2.113446585592021
1.8434903469049169
-0.5743819391547123
1.5204976230090677
1.567037600174089
0.48801939917133397
4.297738129772045
-0.1695088262021036
0.2961362793095398
2.408512601678753
2.002168550253448
0.37716874549662793
0.6093638213706083
1.1755641524304798
0.3286166115490502
0.8721367891909823
-3.1539335755530873
0.09458786133730812
-4.0491589993141295
-1.2418248120113424
3.151957818059147
-0.6642671505506774
-1.109792172553698
0.40018843702530926
0.9019846550985486
3.471994213729719
1.7259568900722462
1.9407689487985818
0.5584993881128544
2.531611620545651
-0.6920075959293466
5.170118755012295
1.329591792311144
1.11719797297022
0.9386516637142566
-0.673034045844588
-3.647707648010047
2.040857162884972
-1.5321759941597768
0.6150106738622023
4.2374898769896365
1.3578819613236321
6.05140563677843
1.652121496856744
-1.8738308842253302
0.8121426415661199
1.2005958152141627
1.192750061366053
3.341789812350961
-0.48427629820167195
1.3171763685708284
0.07483933621661021
3.429851892036984
-1.596699360871813
1.7404151874003868
0.12079471118642515
-2.226784820653091
0.6636307996612201
3.13107393219337
0.8816513695930219
1.130640414117525
2.942960372577228
0.7280048677272187
1.3564192354229234
3.5190737729985098
3.3640118467748947
4.3374925872488275
0.9750700467124047
-0.37325766056045606
2.037568663624375
0.7144611500283936
-1.8123322966414155
1.8502366527869103
-2.5789210656546127
-0.31319993604078333
1.4098257534304253
4.166174993786452
1.8888552807375212
-0.42308893454814833
2.3543654343175326
-0.10748553755178802
-0.17355769442669944
0.35481248493473416
3.523142330366407
2.3011902697095836
0.05656201929351723
1.6948375472150334
-2.475193815382287
-2.349801200346906
-1.1565698382817762
0.5977552832189514
-0.04021625376963689
-0.014516228405833775
2.3819146812406213
-2.1315894824126778
2.8409292165400104
0.18800595276448218
2.388608310871538
1.256682961543707
2.9849447808207024
1.8979094138188142
2.585961638188214
0.17636605339741407
2.0970263278094157
3.045795480191369
3.756897956264376
