2.5139139383695523
3.5494089864180243
2.5256365873621003
3.667160666324627
2.178543370799838
1.8844456154308964
2.874112322139193
1.5623515151183045
3.070356239525811
3.0631371460230836
3.177801522526624
3.6712273255783243
2.452470899211726
3.1864196944351484
2.03342619183522
3.582257662896856
3.272512243055667
1.4730908301821466
3.062400079914091
3.7690605448222305
3.098415268651018
1.6774153191852759
1.8711779004852434
1.2629732770505233
3.654921109139824
3.494165937712625
1.8524873685412218
2.7014259147592794
2.148661572700478
2.567668812135855
2.9806534147404493
3.4577666324044447
3.814149071088683
2.3964356562034186
3.1435675432522525
2.972888047107019
3.4054657327787377
2.777813315809137
3.1135915740429163
1.796904632801526
2.7578113870243035
3.1894585411827436
2.9924025370814684
3.3950101363821394
3.536720495107939
3.77121325756435
3.017815082189647
3.4881753502576034
3.464495768828819
3.038777940348917
2.0537879920885915
3.817138644504197
2.422496016903955
3.5670946741121874
3.667653686847283
2.535528479819953
3.430495744538536
2.2359169671465713
2.107410207569753
3.760790817298153
3.7824805968065576
3.5590468966194537
3.539017822009064
1.8926681821329008
1.4186896413474435
2.4632354557332254
1.8156802866159611
3.3770902936310874
3.018380969787967
2.3111123733613397
2.9168592646940623
3.461434705955059
3.176949856438111
2.496703258846672
3.5846055567646893
1.8810169338082479
1.721623450110169
2.586089955183961
3.08707458538386
2.164303870725132
2.439049672169884
3.2171433458052485
1.7198275600835764
3.3541960840421265
3.3197880346026865
2.789266757080326
2.964356966691608
1.5569568035848307
2.2127807388641916
1.672357883658742
3.634507028203515
2.8154590169707503
1.8388464231672637
1.548239372493765
3.7410472514944972
3.073110069662155
3.2762949165787782
3.1437805125083638
1.9720551774357267
2.6285217576900424
3.1898567638986073
3.6062362901953553
3.820482328143264
3.5928680004979605
3.027529851960892
3.2442218855527964
3.787153605580872
3.7089818655105975
2.0659903227492618
3.3590463553902596
2.892679989015998
3.5563789171920126
3.0851686623460997
2.050095865373409
2.589651629553648
1.805984990508072
3.4352905314065425
3.822509103223459
3.4130191862810393
2.115679305690345
3.616547482800972
3.7107787854297625
3.740644834121791
2.780296394105021
2.7729315046849177
2.9969822254801466
3.062713719729167
2.1449623872287686
2.8810970278242145
2.027250469044796
3.5351213871095006
2.032516062070796
2.1727260011926894
3.6399243915131185
3.8202982735595086
1.408472179155665
3.051063571044274
3.599323761585231
3.130382640976244
3.57364463728221
2.702924403176288
3.750634675088326
3.5545811060030252
1.572184589658522
3.1543919437780112
2.9424953778273877
1.7187375426917857
1.9246644108055806
3.0986695543540645
3.6572518675307766
2.1944052242733387
2.8992851569694347
2.966503284172658
2.8855913583192683
3.4523316505111095
3.565743529308471
3.3080648612654002
3.075759703499589
2.056552727070529
3.2396412935670527
3.5557374041707015
2.6327596507232
1.8990641713177157
2.9922842996816126
2.018578787454067
3.0794308735131355
3.446819149825905
2.750335862559636
3.1620541800613076
3.7523980035817606
2.501049362301208
3.0687613458926335
3.3305519179333274
2.9422844903353584
3.0330025872353623
3.203092665364523
2.1661428017234927
3.649660055806094
3.262407002391881
1.4231903070657181
3.6267809483940487
3.0848979065519004
2.4293696675119367
3.2764114420569954
1.6368417616895863
1.8179958914586547
3.8023624415951005
3.4550027971492847
3.6328711349121154
2.194496742474445
3.352113732301203
3.3902809789311315
3.5128260233332016
1.0930149038040187
2.4619141238111046
3.7277071211928066
3.4727911546963335
3.3221097642496766
2.2445114374171546
3.756496339177392
3.2719564700633477
2.1174296736947698
2.107942634500218
3.519757384876341
3.5669476521663657
2.6512123096550106
3.5886822549987163
2.6713071735661957
1.4956428803138122
3.475560846812912
2.5581575169956974
1.5982795308662232
2.9479092804259377
2.0131585473990903
3.6628958195558825
3.5071496845357255
2.0717289316837055
3.741329800731283
3.3582594680732325
2.4031782845228244
3.5568250477695016
3.7182838719823295
3.4467888629662964
1.7606096902017017
3.43376686351516
2.674880108339326
1.8923734988822152
2.4806029727830863
3.2648395832273365
3.714675099239109
2.7770410051325665
1.3056629777451114
2.135062874130196
2.513975824032407
3.3431368675543016
2.603601586915816
2.757892727604017
3.457207630810508
1.6460107584027082
3.078217043962423
2.561568308011622
3.606843480328809
2.955505526831762
2.3892890524102732
3.77698620404672
2.6940049583965147
1.435035185778911
1.4231287789840523
3.6972116713015555
2.4027462236362247
3.1432933535972296
1.7042051739063324
2.51738252549106
1.371540138067434
3.3299734370550804
2.394351309405133
2.9127199181982615
2.798679450050826
2.4702308206013983
3.4776221866101773
3.427900737823091
3.6686617490733293
1.5779770848625052
3.154906256006996
3.090403167522735
1.9962879240855103
2.6117372400866907
3.6358647385066627
2.066442744552405
3.6142289516838297
3.6907680641375107
3.195881894248284
2.18271439926487
3.6323435055496005
3.1509868304538173
1.9799016781270793
3.347475865711259
2.0422674524962954
3.4421605649878537
3.7069785070800263
1.7906626451199317
2.8221178240154456
2.4915634745439377
3.715289336606743
2.4774454523910414
3.736230200809021
3.6822542521657176
3.363710040703142
1.9933417228785628
3.6921526639060676
2.04865428103013
3.305904141092975
3.3401453131923624
3.4049956377908983
3.1685403088621085
1.5627240895419574
3.5965342951896755
3.2796204232211
3.364074426662607
1.4719417819149185
3.074192494914171
3.340569995004867
3.2633406434699253
3.327418926354503
2.2594205356483563
3.517626343438689
1.8146471579533066
3.2766575187110085
2.9538338777483624
3.744302807705253
3.1873242210594226
2.867685246437249
2.582002424473653
3.0029343098496923
2.679105213760306
3.2537333069586705
2.5929841497195154
2.4626420607855497
2.1807879441650515
2.867389632983465
3.353231224728819
2.427860947196973
3.50338138639054
3.530684073871818
2.475873390784741
1.711661805995106
2.5687774074670013
2.5204292694939348
3.008066876059164
3.7037146415364064
2.5810380144406135
2.93374276165473
1.4109178221880785
2.2148796589548634
2.8023912173133994
2.129331296535245
3.235064147316048
3.65738822027776
2.2998418207120617
1.7158774530561638
2.6147727148486473
3.337750359355069
3.371848083814464
2.837652197818876
3.728506394027791
2.327586528490489
2.1534717706327298
1.6341394032786085
2.9181790132998526
1.7237940313594033
3.4675479174852537
2.067018979658971
2.981019491991609
3.6610685839357973
2.1097620412177482
2.371048139666085
3.4671712011629294
3.1441247866989523
2.312708703059847
3.391732411010989
2.9732671974734695
2.0934943421036563
3.1471566602009355
2.0231947704887143
3.1532808918228543
2.7252535123796893
3.4039490438290616
1.5229916934577996
1.8935954120559533
2.5806810065813393
2.6298806783090454
2.294718350051203
3.2071039471484433
1.9343922932310886
1.687976683235528
3.514821664579249
2.7389713216471057
3.713172016182801
2.0800287011378913
1.210936976107325
3.5600652186433766
1.7216942566772024
2.2472792339735412
3.167898701473559
3.176080085133275
3.6401438366595573
3.2446179657667584
2.086707021390219
3.1681415067440892
1.3507832905761474
3.327465057841274
3.56134958536615
2.7719211917863325
1.7243122796499233
2.4571373852355065
3.2670143182132194
1.2974532157884455
3.5188617046297543
2.850540032589259
1.5860520104076699
3.687515035971087
3.7026292426266756
1.4460854270262236
3.2729513901862437
2.004352373156902
1.9726449317570858
3.3601732198507808
3.2979329964964093
2.014967498953947
3.810517632186678
3.2360993016462927
1.4412854775985813
3.0639287164551026
2.522184188549981
1.6894546174481477
3.340369720390343
1.753612729336858
2.3052776291130597
2.2495363289076558
2.6460885692062934
2.824396610015592
1.9728056944185297
3.732330712904997
3.115254979315456
1.3710621393756264
3.761837278832108
1.752846280444838
3.0140052348400754
2.799595874592521
3.765507512400254
1.9783741637257684
1.5199152425891518
3.7110956978425493
2.0140446219160895
2.887468720928762
3.2667992233942034
3.2040300001672293
3.586845390089466
3.300300069524179
2.565591189208436
3.684402810109636
3.7923917309242685
3.435316951759347
2.802092224283122
2.260767476113096
2.9531100515896322
1.1680260733544958
3.4736045441024244
2.999686581140959
3.551476372611914
3.3746918542982427
3.28893140893577
2.2193437650584116
1.7153680326398812
3.5797479075622807
2.7448794319787435
3.103872183879434
1.4762871670914788
3.5539038800817377
2.2393890226711726
3.8152192526460285
2.7244027702945557
1.5399169140749396
2.3261664337022
2.45354482385724
3.4328447821871992
3.1963537759158194
3.729610484691861
1.577216094112905
2.939104956155538
2.5788563214149915
3.193411383681556
2.9757307341925068
3.4470900551763797
2.2202906946022694
3.4038071076992567
3.3410053196947005
1.9468777470706677
3.291416479207135
3.5093054245471875
2.4392222249661764
3.759031079114752
2.657094654704588
1.648855013624708
2.8183762223124385
3.7526677456821154
3.6145102469728188
1.9301774008172563
2.8906248347011623
3.3371825297890307
2.677638060585453
1.7448753511890414
3.176636555694337
2.7711997657685687
3.7099874624330846
3.738716785318967
2.917167201832398
3.109716824267718
3.6854455983547547
3.4886383032323947
