8.337089539966517
4.2363666089639835
2.255996355975059
9.285477268667286
6.271042816569721
4.701941117367058
6.595350916290801
3.3951653712750387
2.040138215451237
7.4038081023968605
7.691333624972855
8.795805149859227
1.5392160001635433
8.036023876313106
9.84760041236074
6.601507118148923
7.967564184002346
9.28096836749791
1.0495020924771081
9.554549756873227
1.622354442122734
3.9838927993309787
2.9471592087178866
8.954833451173174
2.581546813820932
5.179162217172408
9.17437869479134
8.317432882005058
2.2393569867589154
7.289163213859993
3.807131974524
3.2071826618468333
2.2543642770059984
3.112677578204187
6.199155943354151
9.220877125837186
7.402103232487979
2.4918810867031658
1.885983838087038
7.587221634739965
1.4612207608564078
2.813780022825826
7.985827397123091
8.799394923431933
7.8032423059277845
1.800801472634293
4.098412895797031
7.4989448086891795
2.363771017280685
1.7347155236538834
3.5746788856835905
4.422583578062079
1.8033217973649918
9.878095640185423
6.9691430784921184
5.546963048386189
4.154463539955126
2.2367492193128427
7.823597626087544
5.710740519719063
8.308016378406062
5.924135437604353
9.73589512411934
2.5870523383071133
3.059619898332879
5.034169736080914
5.766128953983019
5.935062475218804
6.101942299233767
9.925356490359196
4.193509793305074
1.720649652636483
2.03876162374093
8.138712728752687
9.727421167531386
7.127756608730413
9.447756321520377
8.228219170356223
9.025242193724166
6.222297260813088
3.6446387150893345
5.2509162409113355
7.284537811838405
6.2488091012453335
3.2063297631583554
9.001990773499818
1.6479570045937741
9.703067485614573
2.2995246008093106
8.446072223909535
2.795551188404694
6.393120734354735
3.7075939647238854
4.83718769137398
2.0326833338677295
3.4248196955880865
9.330811094307059
8.285045701282426
5.553430339614901
2.5042590644546086
6.939131290197159
4.502371853906093
6.721818647771258
5.068908987069719
9.934819935343347
4.508899798887014
9.10421907116631
7.619721954728433
3.691105934040778
3.7859511835050688
7.700924401972275
6.738821478037748
4.893980093776124
1.761528667856037
8.108646703414399
6.096347401522558
3.5687265691663477
1.051130456351162
1.8273095008339646
3.2277893982663755
8.428572392400863
2.080569279032468
8.466529216128341
2.1064798127272084
5.695912966020182
3.8339485121258416
2.351826032215623
9.19702116286431
4.470008571968868
7.640745002588366
7.77975253957587
4.347942589964157
2.4126758375194988
1.621397016637852
1.9463420330567427
9.553224888681704
9.216188367071094
9.869616909119369
5.823267108654006
9.945131332202553
9.123614424921282
6.888716700284627
7.59399914009702
6.338994774465657
4.843539610302409
2.829697946424087
9.436880478411029
1.6566387728916614
1.9027757108591357
4.989167824508629
6.412832007103386
5.535904475620445
4.553410503423343
1.460057118547259
9.090162537896632
1.0487992880867645
6.2342784897165355
5.462309882471932
1.5863635611985984
4.268416045321468
2.6395525975951357
2.810274820477271
6.773119404160464
9.867575046725548
4.800965215575531
4.511961233507678
3.3325498906818907
1.033527989130218
6.711265036296443
8.418260032163134
5.460861118917912
9.91563775695624
9.221951828805835
1.4416597471168644
4.349112143184076
2.4217248167234553
1.685244310609729
4.656691878224476
6.246504310657668
5.686695513999472
3.4722266018862724
8.08302881674556
7.386884339712634
5.000541474524666
4.357184566441013
2.051999433816761
6.841194846758966
5.143650866535413
7.1696029019582515
7.372784302352276
6.7474655225602
3.788601946580922
5.068733932875537
4.23560634952552
9.695032357154263
3.540707259023498
6.0137545966597585
7.358798117763319
1.6092842696058616
3.273529864742622
9.27832425254115
1.1210392873528443
4.6010464424424145
1.671640385981949
9.1150228062946
4.373365513431656
7.15657545647298
6.189341538448161
9.789659702181494
6.436484355271094
4.428798739370972
8.705476081093341
7.527238977419923
1.5391954153877965
7.8990964431405635
9.026812408272425
4.944235844964498
4.204981990084329
3.0685790864116607
1.488238753409976
1.5687361448422699
6.879662152647258
2.733986730326174
7.4252838976956825
5.643280426844433
9.152039547175148
7.189190652041974
9.567750004454766
4.674053966997555
1.6032014808926602
7.11931054638332
8.398283670147698
5.782200308450658
6.52948370572483
8.043454492077661
8.078179833813724
3.6731109046622152
1.41316273368794
3.594135161439784
7.9312010259787336
5.532349575323847
4.047707659417471
2.5013418337087363
1.8969433976869925
4.769349152486653
5.977011962029111
8.214384613658016
3.114497347370282
4.229051423819404
2.8063287055157904
4.768909464813501
8.936976997414298
1.0327741350087334
1.114339919385027
9.830508534528011
8.750192933208735
2.8870921823672875
2.189710449693514
4.037665849541949
4.519297400739706
8.987528552208296
5.992795784456484
3.5474818772021033
7.385368572731797
4.53883101183497
2.248843077634745
7.8356526282958665
4.142979323935975
3.9583653200652136
5.320520901180227
4.178776689006051
5.672533509138618
5.247250118712779
4.345014175210937
5.115685129148831
9.373801562791389
7.706169351621836
7.137059556994526
2.473561932421568
4.709742767328266
9.529957902589722
8.090094248244435
6.964595940176676
9.355923661814849
9.291733849566127
1.1866763939195129
7.883987037542136
2.292175261633234
3.4253064412466356
7.951191481864914
5.71686614255323
7.483726005119225
4.669065351519231
8.374512206250209
1.0977375974896482
1.4228177738540597
4.4184589379361
2.572471009032731
1.5826471312096089
3.2739709746940164
1.8974890900981385
5.049925996445933
4.105272904762092
6.782777649338088
1.4013269695931319
1.0014792268999317
3.6278122421176398
4.611103926290925
3.8985003357385786
2.941490545371398
2.163637768096126
9.033869640865822
1.907688538357485
1.089928490664531
6.3551121889302555
7.846820393686587
3.4852462091317973
8.16720032190478
4.233574754129239
4.529981476619982
7.426025863412459
3.750088489587112
8.507554177594663
1.9749279919010538
1.4240406137367116
7.871420697567116
3.0033686679003373
5.412447069468943
2.6334433491536817
7.714332363704091
7.104184647275337
4.639500746748389
8.994244091007571
2.2467193864747954
3.5925188632360388
9.438552538113628
6.839208100539389
3.5685977279244403
3.9521904126108716
1.721246809388309
5.810102759368821
1.0036950231758215
4.750266937678229
6.6914059580238225
3.330789568047321
5.960566912743772
6.376778372518011
5.700516409777397
8.425808688633769
7.838368241569482
2.2820598012471507
3.3831630204058416
2.811257400919131
2.1141058614315686
1.1644527846907682
9.048786414402176
7.756586959086798
8.027997581851839
2.3792168374469793
9.67390809988317
1.0952311358560727
7.776820526812978
9.953126471203099
7.879928666750918
8.738785833697127
2.777208828713728
1.8936663535700164
8.57448743958599
4.907688314903434
9.6687097582659
2.760099181279551
8.32744039241057
5.764949908873826
6.694512009269059
1.802361482900396
7.875257632152063
5.536860805978599
8.031297490286354
8.419401551906962
4.641854116343497
2.7303958125742653
6.102638732035266
6.305839693992586
2.61371789564127
1.5469276352636383
4.763884216528148
5.442502257954444
7.199445185898389
3.6597535021451204
5.268545679822671
2.4005437834818624
4.819774233811385
7.4022098225839725
6.33368642950385
6.726362376049229
4.984376266612691
8.68798388117565
1.4494986446766944
3.2590947459755433
3.430887463987756
2.5990397797157874
8.232103729288518
3.5490927129525334
7.014844623983753
4.713176511465322
7.5155550251719925
6.76910501981026
6.990067817167355
3.3548703452397475
3.808286380929642
7.77214075997116
2.9332859919655783
8.221055296289858
4.474660922098034
9.072359568983453
6.727411217393171
9.69421881455511
8.929576923072926
4.531472097805047
1.198693773347888
7.492945963587903
5.840829526460288
1.6376453017289705
9.24399610855747
8.715797459456734
3.8529904690586654
1.8236928063617586
8.797823911700148
9.806810473788243
5.158065811474963
2.201526316467462
2.8998592445820113
2.044267564123694
6.026689059351209
7.40696522224066
1.0267063161461492
2.0285904715919223
5.317214313397473
5.586317388304209
8.07232981275762
6.876142168921836
4.293370288731026
2.5503401220362276
8.655753200713324
8.842282495534622
4.669116708237705
1.7478217476655225
9.598643330343325
2.025336238936465
2.062081179045144
2.888261848343249
1.521452019212538
5.98471091415018
4.808060940452569
4.152192364654775
4.523895043170741
8.230523092775826
8.839973698072487
4.544028797166078
6.051941699295019
6.231203241043517
1.4023651776162427
7.136725765719931
7.745558253326912
2.16085027249447
2.395985047352503
2.872299783304513
6.629097649643549
5.374549625004855
5.8037923415087365
6.771961796198041
5.215118499284515
6.4109084227139235
7.27258529131439
4.0818802592291314
8.24828877722651
2.0649092369271482
5.989408380972191
1.7395477571549691
2.569827364602649
2.803343815568007
5.380383927744671
2.842147702117421
5.6014232197714575
5.043940926528206
4.705294940106092
8.277674848650467
5.580886018431108
5.081076583185406
1.162122514972932
8.429428364799637
2.7107514875624648
1.2908056889264845
8.20158889449863
7.973101254610587
6.14437808177313
5.458283092229377
6.678913457168597
9.013851068793274
9.277730822865967
